0.000000 0.000000
0.022676 0.141994
0.045351 0.281111
0.068027 0.414531
0.090703 0.539551
0.113379 0.653636
0.136054 0.754476
0.158730 0.840026
0.181406 0.908553
0.204082 0.958668
0.226757 0.989355
0.249433 0.999994
0.272109 0.990367
0.294785 0.960670
0.317460 0.911506
0.340136 0.843870
0.362812 0.759132
0.385488 0.659011
0.408163 0.545535
0.430839 0.421004
0.453515 0.287940
0.476190 0.149042
0.498866 0.007124
0.521542 -0.134939
0.544218 -0.274268
0.566893 -0.408038
0.589569 -0.533539
0.612245 -0.648228
0.634921 -0.749781
0.657596 -0.836140
0.680272 -0.905554
0.702948 -0.956617
0.725624 -0.988294
0.748299 -0.999943
0.770975 -0.991328
0.793651 -0.962624
0.816327 -0.914413
0.839002 -0.847670
0.861678 -0.763750
0.884354 -0.664352
0.907029 -0.551491
0.929705 -0.427454
0.952381 -0.294755
0.975057 -0.156083
0.997732 -0.014247
1.020408 0.127877
1.043084 0.267410
1.065760 0.401524
1.088435 0.527501
1.111111 0.642788
1.133787 0.745049
1.156463 0.832211
1.179138 0.902509
1.201814 0.954517
1.224490 0.987182
1.247166 0.999841
1.269841 0.992239
1.292517 0.964529
1.315193 0.917273
1.337868 0.851428
1.360544 0.768329
1.383220 0.669660
1.405896 0.557420
1.428571 0.433884
1.451247 0.301555
1.473923 0.163115
1.496599 0.021370
1.519274 -0.120809
1.541950 -0.260539
1.564626 -0.394989
1.587302 -0.521435
1.609977 -0.637314
1.632653 -0.740278
1.655329 -0.828240
1.678005 -0.899418
1.700680 -0.952369
1.723356 -0.986020
1.746032 -0.999689
1.768707 -0.993100
1.791383 -0.966385
1.814059 -0.920087
1.836735 -0.855143
1.859410 -0.772869
1.882086 -0.674933
1.904762 -0.563320
1.927438 -0.440291
1.950113 -0.308339
1.972789 -0.170139
1.995465 -0.028491
2.018141 0.113734
2.040816 0.253655
2.063492 0.388435
2.086168 0.515343
2.108844 0.631808
2.131519 0.735470
2.154195 0.824227
2.176871 0.896281
2.199546 0.950172
2.222222 0.984808
2.244898 0.999486
2.267574 0.993910
2.290249 0.968192
2.312925 0.922854
2.335601 0.858814
2.358277 0.777370
2.380952 0.680173
2.403628 0.569192
2.426304 0.446676
2.448980 0.315108
2.471655 0.177155
2.494331 0.035611
2.517007 -0.106654
2.539683 -0.246757
2.562358 -0.381861
2.585034 -0.509225
2.607710 -0.626271
2.630385 -0.730625
2.653061 -0.820172
2.675737 -0.893099
2.698413 -0.947927
2.721088 -0.983546
2.743764 -0.999233
2.766440 -0.994670
2.789116 -0.969950
2.811791 -0.925574
2.834467 -0.862442
2.857143 -0.781831
2.879819 -0.685378
2.902494 -0.575034
2.925170 -0.453038
2.947846 -0.321861
2.970522 -0.184161
2.993197 -0.042730
3.015873 0.099568
3.038549 0.239848
3.061224 0.375267
3.083900 0.503082
3.106576 0.620701
3.129252 0.725742
3.151927 0.816076
3.174603 0.889872
3.197279 0.945634
3.219955 0.982234
3.242630 0.998928
3.265306 0.995379
3.287982 0.971659
3.310658 0.928248
3.333333 0.866025
3.356009 0.786253
3.378685 0.690548
3.401361 0.580848
3.424036 0.459377
3.446712 0.328598
3.469388 0.191159
3.492063 0.049846
3.514739 -0.092477
3.537415 -0.232926
3.560091 -0.368654
3.582766 -0.496912
3.605442 -0.615100
3.628118 -0.720823
3.650794 -0.811938
3.673469 -0.886599
3.696145 -0.943294
3.718821 -0.980872
3.741497 -0.998573
3.764172 -0.996038
3.786848 -0.973318
3.809524 -0.930874
3.832200 -0.869565
3.854875 -0.790635
3.877551 -0.695683
3.900227 -0.586632
3.922902 -0.465693
3.945578 -0.335317
3.968254 -0.198146
3.990930 -0.056959
4.013605 0.085381
4.036281 0.225992
4.058957 0.362023
4.081633 0.490718
4.104308 0.609468
4.126984 0.715867
4.149660 0.807759
4.172336 0.883282
4.195011 0.940905
4.217687 0.979460
4.240363 0.998167
4.263039 0.996646
4.285714 0.974928
4.308390 0.933453
4.331066 0.873061
4.353741 0.794977
4.376417 0.700782
4.399093 0.592386
4.421769 0.471986
4.444444 0.342020
4.467120 0.205124
4.489796 0.064070
4.512472 -0.078282
4.535147 -0.219047
4.557823 -0.355373
4.580499 -0.484498
4.603175 -0.603804
4.625850 -0.710875
4.648526 -0.803539
4.671202 -0.879919
4.693878 -0.938468
4.716553 -0.977999
4.739229 -0.997711
4.761905 -0.997204
4.784580 -0.976488
4.807256 -0.935984
4.829932 -0.876513
4.852608 -0.799278
4.875283 -0.705846
4.897959 -0.598111
4.920635 -0.478254
4.943311 -0.348706
4.965986 -0.212091
4.988662 -0.071178
5.011338 0.071178
5.034014 0.212091
5.056689 0.348706
5.079365 0.478254
5.102041 0.598111
5.124717 0.705846
5.147392 0.799278
5.170068 0.876513
5.192744 0.935984
5.215420 0.976488
5.238095 0.997204
5.260771 0.997711
5.283447 0.977999
5.306122 0.938468
5.328798 0.879919
5.351474 0.803539
5.374150 0.710875
5.396825 0.603804
5.419501 0.484498
5.442177 0.355373
5.464853 0.219047
5.487528 0.078282
5.510204 -0.064070
5.532880 -0.205124
5.555556 -0.342020
5.578231 -0.471986
5.600907 -0.592386
5.623583 -0.700782
5.646259 -0.794977
5.668934 -0.873061
5.691610 -0.933453
5.714286 -0.974928
5.736961 -0.996646
5.759637 -0.998167
5.782313 -0.979460
5.804989 -0.940905
5.827664 -0.883282
5.850340 -0.807759
5.873016 -0.715867
5.895692 -0.609468
5.918367 -0.490718
5.941043 -0.362023
5.963719 -0.225992
5.986395 -0.085381
6.009070 0.056959
6.031746 0.198146
6.054422 0.335317
6.077098 0.465693
6.099773 0.586632
6.122449 0.695683
6.145125 0.790635
6.167800 0.869565
6.190476 0.930874
6.213152 0.973318
6.235828 0.996038
6.258503 0.998573
6.281179 0.980872
6.303855 0.943294
6.326531 0.886599
6.349206 0.811938
6.371882 0.720823
6.394558 0.615100
6.417234 0.496912
6.439909 0.368654
6.462585 0.232926
6.485261 0.092477
6.507937 -0.049846
6.530612 -0.191159
6.553288 -0.328598
6.575964 -0.459377
6.598639 -0.580848
6.621315 -0.690548
6.643991 -0.786253
6.666667 -0.866025
6.689342 -0.928248
6.712018 -0.971659
6.734694 -0.995379
6.757370 -0.998928
6.780045 -0.982234
6.802721 -0.945634
6.825397 -0.889872
6.848073 -0.816076
6.870748 -0.725742
6.893424 -0.620701
6.916100 -0.503082
6.938776 -0.375267
6.961451 -0.239848
6.984127 -0.099568
7.006803 0.042730
7.029478 0.184161
7.052154 0.321861
7.074830 0.453038
7.097506 0.575034
7.120181 0.685378
7.142857 0.781831
7.165533 0.862442
7.188209 0.925574
7.210884 0.969950
7.233560 0.994670
7.256236 0.999233
7.278912 0.983546
7.301587 0.947927
7.324263 0.893099
7.346939 0.820172
7.369615 0.730625
7.392290 0.626271
7.414966 0.509225
7.437642 0.381861
7.460317 0.246757
7.482993 0.106654
7.505669 -0.035611
7.528345 -0.177155
7.551020 -0.315108
7.573696 -0.446676
7.596372 -0.569192
7.619048 -0.680173
7.641723 -0.777370
7.664399 -0.858814
7.687075 -0.922854
7.709751 -0.968192
7.732426 -0.993910
7.755102 -0.999486
7.777778 -0.984808
7.800454 -0.950172
7.823129 -0.896281
7.845805 -0.824227
7.868481 -0.735470
7.891156 -0.631808
7.913832 -0.515343
7.936508 -0.388435
7.959184 -0.253655
7.981859 -0.113734
8.004535 0.028491
8.027211 0.170139
8.049887 0.308339
8.072562 0.440291
8.095238 0.563320
8.117914 0.674933
8.140590 0.772869
8.163265 0.855143
8.185941 0.920087
8.208617 0.966385
8.231293 0.993100
8.253968 0.999689
8.276644 0.986020
8.299320 0.952369
8.321995 0.899418
8.344671 0.828240
8.367347 0.740278
8.390023 0.637314
8.412698 0.521435
8.435374 0.394989
8.458050 0.260539
8.480726 0.120809
8.503401 -0.021370
8.526077 -0.163115
8.548753 -0.301555
8.571429 -0.433884
8.594104 -0.557420
8.616780 -0.669660
8.639456 -0.768329
8.662132 -0.851428
8.684807 -0.917273
8.707483 -0.964529
8.730159 -0.992239
8.752834 -0.999841
8.775510 -0.987182
8.798186 -0.954517
8.820862 -0.902509
8.843537 -0.832211
8.866213 -0.745049
8.888889 -0.642788
8.911565 -0.527501
8.934240 -0.401524
8.956916 -0.267410
8.979592 -0.127877
9.002268 0.014247
9.024943 0.156083
9.047619 0.294755
9.070295 0.427454
9.092971 0.551491
9.115646 0.664352
9.138322 0.763750
9.160998 0.847670
9.183673 0.914413
9.206349 0.962624
9.229025 0.991328
9.251701 0.999943
9.274376 0.988294
9.297052 0.956617
9.319728 0.905554
9.342404 0.836140
9.365079 0.749781
9.387755 0.648228
9.410431 0.533539
9.433107 0.408038
9.455782 0.274268
9.478458 0.134939
9.501134 -0.007124
9.523810 -0.149042
9.546485 -0.287940
9.569161 -0.421004
9.591837 -0.545535
9.614512 -0.659011
9.637188 -0.759132
9.659864 -0.843870
9.682540 -0.911506
9.705215 -0.960670
9.727891 -0.990367
9.750567 -0.999994
9.773243 -0.989355
9.795918 -0.958668
9.818594 -0.908553
9.841270 -0.840026
9.863946 -0.754476
9.886621 -0.653636
9.909297 -0.539551
9.931973 -0.414531
9.954649 -0.281111
9.977324 -0.141994
10.000000 -0.000000
10.022676 0.141994
10.045351 0.281111
10.068027 0.414531
10.090703 0.539551
10.113379 0.653636
10.136054 0.754476
10.158730 0.840026
10.181406 0.908553
10.204082 0.958668
10.226757 0.989355
10.249433 0.999994
10.272109 0.990367
10.294785 0.960670
10.317460 0.911506
10.340136 0.843870
10.362812 0.759132
10.385488 0.659011
10.408163 0.545535
10.430839 0.421004
10.453515 0.287940
10.476190 0.149042
10.498866 0.007124
10.521542 -0.134939
10.544218 -0.274268
10.566893 -0.408038
10.589569 -0.533539
10.612245 -0.648228
10.634921 -0.749781
10.657596 -0.836140
10.680272 -0.905554
10.702948 -0.956617
10.725624 -0.988294
10.748299 -0.999943
10.770975 -0.991328
10.793651 -0.962624
10.816327 -0.914413
10.839002 -0.847670
10.861678 -0.763750
10.884354 -0.664352
10.907029 -0.551491
10.929705 -0.427454
10.952381 -0.294755
10.975057 -0.156083
10.997732 -0.014247
11.020408 0.127877
11.043084 0.267410
11.065760 0.401524
11.088435 0.527501
11.111111 0.642788
11.133787 0.745049
11.156463 0.832211
11.179138 0.902509
11.201814 0.954517
11.224490 0.987182
11.247166 0.999841
11.269841 0.992239
11.292517 0.964529
11.315193 0.917273
11.337868 0.851428
11.360544 0.768329
11.383220 0.669660
11.405896 0.557420
11.428571 0.433884
11.451247 0.301555
11.473923 0.163115
11.496599 0.021370
11.519274 -0.120809
11.541950 -0.260539
11.564626 -0.394989
11.587302 -0.521435
11.609977 -0.637314
11.632653 -0.740278
11.655329 -0.828240
11.678005 -0.899418
11.700680 -0.952369
11.723356 -0.986020
11.746032 -0.999689
11.768707 -0.993100
11.791383 -0.966385
11.814059 -0.920087
11.836735 -0.855143
11.859410 -0.772869
11.882086 -0.674933
11.904762 -0.563320
11.927438 -0.440291
11.950113 -0.308339
11.972789 -0.170139
11.995465 -0.028491
12.018141 0.113734
12.040816 0.253655
12.063492 0.388435
12.086168 0.515343
12.108844 0.631808
12.131519 0.735470
12.154195 0.824227
12.176871 0.896281
12.199546 0.950172
12.222222 0.984808
12.244898 0.999486
12.267574 0.993910
12.290249 0.968192
12.312925 0.922854
12.335601 0.858814
12.358277 0.777370
12.380952 0.680173
12.403628 0.569192
12.426304 0.446676
12.448980 0.315108
12.471655 0.177155
12.494331 0.035611
12.517007 -0.106654
12.539683 -0.246757
12.562358 -0.381861
12.585034 -0.509225
12.607710 -0.626271
12.630385 -0.730625
12.653061 -0.820172
12.675737 -0.893099
12.698413 -0.947927
12.721088 -0.983546
12.743764 -0.999233
12.766440 -0.994670
12.789116 -0.969950
12.811791 -0.925574
12.834467 -0.862442
12.857143 -0.781831
12.879819 -0.685378
12.902494 -0.575034
12.925170 -0.453038
12.947846 -0.321861
12.970522 -0.184161
12.993197 -0.042730
13.015873 0.099568
13.038549 0.239848
13.061224 0.375267
13.083900 0.503082
13.106576 0.620701
13.129252 0.725742
13.151927 0.816076
13.174603 0.889872
13.197279 0.945634
13.219955 0.982234
13.242630 0.998928
13.265306 0.995379
13.287982 0.971659
13.310658 0.928248
13.333333 0.866025
13.356009 0.786253
13.378685 0.690548
13.401361 0.580848
13.424036 0.459377
13.446712 0.328598
13.469388 0.191159
13.492063 0.049846
13.514739 -0.092477
13.537415 -0.232926
13.560091 -0.368654
13.582766 -0.496912
13.605442 -0.615100
13.628118 -0.720823
13.650794 -0.811938
13.673469 -0.886599
13.696145 -0.943294
13.718821 -0.980872
13.741497 -0.998573
13.764172 -0.996038
13.786848 -0.973318
13.809524 -0.930874
13.832200 -0.869565
13.854875 -0.790635
13.877551 -0.695683
13.900227 -0.586632
13.922902 -0.465693
13.945578 -0.335317
13.968254 -0.198146
13.990930 -0.056959
14.013605 0.085381
14.036281 0.225992
14.058957 0.362023
14.081633 0.490718
14.104308 0.609468
14.126984 0.715867
14.149660 0.807759
14.172336 0.883282
14.195011 0.940905
14.217687 0.979460
14.240363 0.998167
14.263039 0.996646
14.285714 0.974928
14.308390 0.933453
14.331066 0.873061
14.353741 0.794977
14.376417 0.700782
14.399093 0.592386
14.421769 0.471986
14.444444 0.342020
14.467120 0.205124
14.489796 0.064070
14.512472 -0.078282
14.535147 -0.219047
14.557823 -0.355373
14.580499 -0.484498
14.603175 -0.603804
14.625850 -0.710875
14.648526 -0.803539
14.671202 -0.879919
14.693878 -0.938468
14.716553 -0.977999
14.739229 -0.997711
14.761905 -0.997204
14.784580 -0.976488
14.807256 -0.935984
14.829932 -0.876513
14.852608 -0.799278
14.875283 -0.705846
14.897959 -0.598111
14.920635 -0.478254
14.943311 -0.348706
14.965986 -0.212091
14.988662 -0.071178
15.011338 0.071178
15.034014 0.212091
15.056689 0.348706
15.079365 0.478254
15.102041 0.598111
15.124717 0.705846
15.147392 0.799278
15.170068 0.876513
15.192744 0.935984
15.215420 0.976488
15.238095 0.997204
15.260771 0.997711
15.283447 0.977999
15.306122 0.938468
15.328798 0.879919
15.351474 0.803539
15.374150 0.710875
15.396825 0.603804
15.419501 0.484498
15.442177 0.355373
15.464853 0.219047
15.487528 0.078282
15.510204 -0.064070
15.532880 -0.205124
15.555556 -0.342020
15.578231 -0.471986
15.600907 -0.592386
15.623583 -0.700782
15.646259 -0.794977
15.668934 -0.873061
15.691610 -0.933453
15.714286 -0.974928
15.736961 -0.996646
15.759637 -0.998167
15.782313 -0.979460
15.804989 -0.940905
15.827664 -0.883282
15.850340 -0.807759
15.873016 -0.715867
15.895692 -0.609468
15.918367 -0.490718
15.941043 -0.362023
15.963719 -0.225992
15.986395 -0.085381
16.009070 0.056959
16.031746 0.198146
16.054422 0.335317
16.077098 0.465693
16.099773 0.586632
16.122449 0.695683
16.145125 0.790635
16.167800 0.869565
16.190476 0.930874
16.213152 0.973318
16.235828 0.996038
16.258503 0.998573
16.281179 0.980872
16.303855 0.943294
16.326531 0.886599
16.349206 0.811938
16.371882 0.720823
16.394558 0.615100
16.417234 0.496912
16.439909 0.368654
16.462585 0.232926
16.485261 0.092477
16.507937 -0.049846
16.530612 -0.191159
16.553288 -0.328598
16.575964 -0.459377
16.598639 -0.580848
16.621315 -0.690548
16.643991 -0.786253
16.666667 -0.866025
16.689342 -0.928248
16.712018 -0.971659
16.734694 -0.995379
16.757370 -0.998928
16.780045 -0.982234
16.802721 -0.945634
16.825397 -0.889872
16.848073 -0.816076
16.870748 -0.725742
16.893424 -0.620701
16.916100 -0.503082
16.938776 -0.375267
16.961451 -0.239848
16.984127 -0.099568
17.006803 0.042730
17.029478 0.184161
17.052154 0.321861
17.074830 0.453038
17.097506 0.575034
17.120181 0.685378
17.142857 0.781831
17.165533 0.862442
17.188209 0.925574
17.210884 0.969950
17.233560 0.994670
17.256236 0.999233
17.278912 0.983546
17.301587 0.947927
